                            OLS Regression Results                            
==============================================================================
Dep. Variable:                load_mw   R-squared:                       0.905
Model:                            OLS   Adj. R-squared:                  0.903
Method:                 Least Squares   F-statistic:                     510.8
Date:                Thu, 30 Apr 2026   Prob (F-statistic):               0.00
Time:                        13:50:59   Log-Likelihood:                -25158.
No. Observations:                2952   AIC:                         5.043e+04
Df Residuals:                    2897   BIC:                         5.075e+04
Df Model:                          54                                         
Covariance Type:            nonrobust                                         
==============================================================================
                 coef    std err          t      P>|t|      [0.025      0.975]
------------------------------------------------------------------------------
const       2.682e+04    377.629     71.027      0.000    2.61e+04    2.76e+04
hotdeg_h0    534.0537    209.054      2.555      0.011     124.144     943.964
hotdeg_h1    355.2984    212.345      1.673      0.094     -61.064     771.661
hotdeg_h2    241.9381    217.483      1.112      0.266    -184.499     668.375
hotdeg_h3    251.7990    209.999      1.199      0.231    -159.964     663.562
hotdeg_h4    180.0097    207.821      0.866      0.386    -227.482     587.501
hotdeg_h5    157.1603    206.983      0.759      0.448    -248.688     563.009
hotdeg_h6     84.6159    211.057      0.401      0.689    -329.222     498.454
hotdeg_h7    224.2626    202.332      1.108      0.268    -172.466     620.991
hotdeg_h8    328.9076    155.400      2.117      0.034      24.201     633.614
hotdeg_h9    367.5470    136.691      2.689      0.007      99.525     635.569
hotdeg_h10   368.9768    123.119      2.997      0.003     127.568     610.386
hotdeg_h11   430.6537    114.790      3.752      0.000     205.575     655.732
hotdeg_h12   630.4504    112.151      5.621      0.000     410.547     850.354
hotdeg_h13   664.8927    111.508      5.963      0.000     446.249     883.536
hotdeg_h14   643.6788    109.409      5.883      0.000     429.152     858.206
hotdeg_h15   618.8854    107.614      5.751      0.000     407.877     829.894
hotdeg_h16   594.2093    113.252      5.247      0.000     372.146     816.273
hotdeg_h17   577.0489    122.765      4.700      0.000     336.334     817.764
hotdeg_h18   605.5560    137.998      4.388      0.000     334.972     876.140
hotdeg_h19   735.8361    158.031      4.656      0.000     425.972    1045.700
hotdeg_h20   874.1835    177.817      4.916      0.000     525.522    1222.845
hotdeg_h21   922.5960    190.614      4.840      0.000     548.844    1296.348
hotdeg_h22   918.8696    199.770      4.600      0.000     527.164    1310.575
hotdeg_h23   843.3846    207.106      4.072      0.000     437.295    1249.474
hour_1      -830.2199    503.085     -1.650      0.099   -1816.660     156.220
hour_2     -1587.4497    484.690     -3.275      0.001   -2537.822    -637.077
hour_3     -2353.2424    480.129     -4.901      0.000   -3294.671   -1411.814
hour_4     -2748.4571    464.221     -5.921      0.000   -3658.694   -1838.220
hour_5     -3106.1185    450.206     -6.899      0.000   -3988.875   -2223.362
hour_6     -2879.3487    462.602     -6.224      0.000   -3786.410   -1972.287
hour_7     -2149.9159    654.870     -3.283      0.001   -3433.974    -865.857
hour_8       820.4351    705.719      1.163      0.245    -563.326    2204.197
hour_9      2326.4651    755.213      3.081      0.002     845.655    3807.275
hour_10     2959.3889    777.085      3.808      0.000    1435.694    4483.083
hour_11     3445.4473    776.250      4.439      0.000    1923.390    4967.505
hour_12     1622.9579    774.388      2.096      0.036     104.551    3141.365
hour_13     2678.4659    757.146      3.538      0.000    1193.867    4163.065
hour_14     3087.5287    725.050      4.258      0.000    1665.864    4509.194
hour_15     3008.5328    698.893      4.305      0.000    1638.154    4378.911
hour_16     2944.2498    695.529      4.233      0.000    1580.468    4308.032
hour_17     2394.3473    690.786      3.466      0.001    1039.866    3748.829
hour_18     2559.0208    682.096      3.752      0.000    1221.578    3896.464
hour_19     2861.7912    663.842      4.311      0.000    1560.141    4163.441
hour_20     2442.7791    645.797      3.783      0.000    1176.512    3709.046
hour_21     1992.5958    619.303      3.217      0.001     778.276    3206.916
hour_22     1397.5470    592.913      2.357      0.018     234.972    2560.121
hour_23      774.1852    563.033      1.375      0.169    -329.800    1878.170
wd_1         746.2110     84.910      8.788      0.000     579.722     912.700
wd_2         610.1635     83.667      7.293      0.000     446.111     774.216
wd_3         625.4020     83.981      7.447      0.000     460.734     790.070
wd_4         413.2977     83.808      4.932      0.000     248.969     577.626
wd_5       -1913.8232     85.219    -22.458      0.000   -2080.920   -1746.727
wd_6       -3368.3689     84.782    -39.730      0.000   -3534.609   -3202.129
trend       2985.4959    106.750     27.967      0.000    2776.181    3194.810
==============================================================================
Omnibus:                       10.791   Durbin-Watson:                   0.202
Prob(Omnibus):                  0.005   Jarque-Bera (JB):                9.408
Skew:                          -0.081   Prob(JB):                      0.00906
Kurtosis:                       2.775   Cond. No.                         125.
==============================================================================

Notes:
[1] Standard Errors assume that the covariance matrix of the errors is correctly specified.